1749461038175 0.06060606060606061 10
1749461053671 0.12121212121212122 20
1749461069149 0.18181818181818182 30
1749461084697 0.24242424242424243 40
1749461100894 0.30303030303030304 50
1749461116433 0.36363636363636365 60
1749461131946 0.42424242424242425 70
1749461147427 0.48484848484848486 80
1749461162997 0.5454545454545454 90
1749461178519 0.6060606060606061 100
1749461194023 0.6666666666666666 110
1749461210071 0.7272727272727273 120
1749461226233 0.7878787878787878 130
1749461242355 0.8484848484848485 140
1749461258461 0.9090909090909091 150
1749461274494 0.9696969696969697 160
1749461290523 1.0303030303030303 170
1749461306551 1.0909090909090908 180
1749461322617 1.1515151515151516 190
1749461338643 1.2121212121212122 200
1749461354686 1.2727272727272727 210
1749461370749 1.3333333333333333 220
1749461386800 1.393939393939394 230
1749461402857 1.4545454545454546 240
1749461418873 1.5151515151515151 250
1749461434929 1.5757575757575757 260
1749461450972 1.6363636363636362 270
1749461467011 1.696969696969697 280
1749461483051 1.7575757575757576 290
1749461499090 1.8181818181818183 300
1749461515676 1.878787878787879 310
1749461544220 1.9393939393939394 320
1749461571486 2.0 330
1749461571489 2.0 330
