1749461038175 12.824438095092773 10
1749461053671 39.51421356201172 20
1749461069149 49.02531433105469 30
1749461084697 55.216880798339844 40
1749461100894 121.21769714355469 50
1749461116433 52.257389068603516 60
1749461131946 30.535795211791992 70
1749461147427 12.997908592224121 80
1749461162997 12.201340675354004 90
1749461178519 13.489476203918457 100
1749461194023 3.331798553466797 110
1749461210071 3.120300531387329 120
1749461226233 3.5013372898101807 130
1749461242355 5.291398048400879 140
1749461258461 4.0085530281066895 150
1749461274494 3.459555149078369 160
1749461290523 3.065324306488037 170
1749461306551 4.263146877288818 180
1749461322617 4.379159927368164 190
1749461338643 3.4411354064941406 200
1749461354686 4.480992794036865 210
1749461370749 4.350317478179932 220
1749461386800 2.6097264289855957 230
1749461402857 3.169370174407959 240
1749461418873 2.9007086753845215 250
1749461434929 5.120532989501953 260
1749461450972 3.4794633388519287 270
1749461467011 3.083404779434204 280
1749461483051 5.205952167510986 290
1749461499090 5.0036396980285645 300
1749461515676 6.096887111663818 310
1749461544220 3.424790859222412 320
1749461571486 5.5782246589660645 330
