1749461038175 4.848484848484849e-05 10
1749461053671 4.696969696969697e-05 20
1749461069149 4.545454545454546e-05 30
1749461084697 4.3939393939393944e-05 40
1749461100894 4.242424242424243e-05 50
1749461116433 4.0909090909090915e-05 60
1749461131946 3.939393939393939e-05 70
1749461147427 3.787878787878788e-05 80
1749461162997 3.6363636363636364e-05 90
1749461178519 3.484848484848485e-05 100
1749461194023 3.3333333333333335e-05 110
1749461210071 3.181818181818182e-05 120
1749461226233 3.0303030303030306e-05 130
1749461242355 2.878787878787879e-05 140
1749461258461 2.7272727272727273e-05 150
1749461274494 2.575757575757576e-05 160
1749461290523 2.4242424242424244e-05 170
1749461306551 2.272727272727273e-05 180
1749461322617 2.1212121212121215e-05 190
1749461338643 1.9696969696969697e-05 200
1749461354686 1.8181818181818182e-05 210
1749461370749 1.6666666666666667e-05 220
1749461386800 1.5151515151515153e-05 230
1749461402857 1.3636363636363637e-05 240
1749461418873 1.2121212121212122e-05 250
1749461434929 1.0606060606060607e-05 260
1749461450972 9.090909090909091e-06 270
1749461467011 7.5757575757575764e-06 280
1749461483051 6.060606060606061e-06 290
1749461499090 4.5454545454545455e-06 300
1749461515676 3.0303030303030305e-06 310
1749461544220 1.5151515151515152e-06 320
1749461571486 0.0 330
