1749461038175 13.5886 10
1749461053671 12.2154 20
1749461069149 9.7637 30
1749461084697 6.9628 40
1749461100894 6.1174 50
1749461116433 4.7266 60
1749461131946 4.205 70
1749461147427 3.6064 80
1749461162997 3.3842 90
1749461178519 3.26 100
1749461194023 2.928 110
1749461210071 3.0144 120
1749461226233 2.8037 130
1749461242355 2.7969 140
1749461258461 2.5918 150
1749461274494 2.3467 160
1749461290523 2.4051 170
1749461306551 2.2177 180
1749461322617 2.1904 190
1749461338643 2.4243 200
1749461354686 1.9802 210
1749461370749 2.2356 220
1749461386800 1.9665 230
1749461402857 1.7187 240
1749461418873 1.9486 250
1749461434929 1.8117 260
1749461450972 1.8436 270
1749461467011 1.7431 280
1749461483051 1.9185 290
1749461499090 2.0037 300
1749461515676 1.8847 310
1749461544220 2.0617 320
1749461571486 1.7099 330
