1749455428271 0.06060606060606061 10
1749455445388 0.12121212121212122 20
1749455462346 0.18181818181818182 30
1749455479372 0.24242424242424243 40
1749455496690 0.30303030303030304 50
1749455513768 0.36363636363636365 60
1749455530901 0.42424242424242425 70
1749455548027 0.48484848484848486 80
1749455565239 0.5454545454545454 90
1749455582367 0.6060606060606061 100
1749455599603 0.6666666666666666 110
1749455617036 0.7272727272727273 120
1749455634116 0.7878787878787878 130
1749455651107 0.8484848484848485 140
1749455668506 0.9090909090909091 150
1749455687198 0.9696969696969697 160
1749455705992 1.0303030303030303 170
1749455724088 1.0909090909090908 180
1749455739054 1.1515151515151516 190
1749455755840 1.2121212121212122 200
1749455773079 1.2727272727272727 210
1749455789745 1.3333333333333333 220
1749455806821 1.393939393939394 230
1749455824035 1.4545454545454546 240
1749455841990 1.5151515151515151 250
1749455859824 1.5757575757575757 260
1749455877553 1.6363636363636362 270
1749455895123 1.696969696969697 280
1749455911991 1.7575757575757576 290
1749455930909 1.8181818181818183 300
1749455947771 1.878787878787879 310
1749455964720 1.9393939393939394 320
1749455982462 2.0 330
1749455982465 2.0 330
