1749455428271 12.892962455749512 10
1749455445388 38.39274597167969 20
1749455462346 46.72046661376953 30
1749455479372 51.827728271484375 40
1749455496690 82.8258056640625 50
1749455513768 56.32423400878906 60
1749455530901 16.037630081176758 70
1749455548027 3.4484705924987793 80
1749455565239 5.288508892059326 90
1749455582367 4.814817905426025 100
1749455599603 3.0405054092407227 110
1749455617036 2.0059964656829834 120
1749455634116 3.0537033081054688 130
1749455651107 2.614126205444336 140
1749455668506 2.2260122299194336 150
1749455687198 3.6691784858703613 160
1749455705992 5.5259270668029785 170
1749455724088 3.5301175117492676 180
1749455739054 2.927363634109497 190
1749455755840 2.9144558906555176 200
1749455773079 3.038062572479248 210
1749455789745 3.1516952514648438 220
1749455806821 2.741976499557495 230
1749455824035 4.692549705505371 240
1749455841990 4.552180290222168 250
1749455859824 3.3465099334716797 260
1749455877553 3.0720858573913574 270
1749455895123 3.7239506244659424 280
1749455911991 3.243656873703003 290
1749455930909 5.337807655334473 300
1749455947771 5.557450294494629 310
1749455964720 4.540768623352051 320
1749455982462 3.5517101287841797 330
