1749455428271 4.848484848484849e-05 10
1749455445388 4.696969696969697e-05 20
1749455462346 4.545454545454546e-05 30
1749455479372 4.3939393939393944e-05 40
1749455496690 4.242424242424243e-05 50
1749455513768 4.0909090909090915e-05 60
1749455530901 3.939393939393939e-05 70
1749455548027 3.787878787878788e-05 80
1749455565239 3.6363636363636364e-05 90
1749455582367 3.484848484848485e-05 100
1749455599603 3.3333333333333335e-05 110
1749455617036 3.181818181818182e-05 120
1749455634116 3.0303030303030306e-05 130
1749455651107 2.878787878787879e-05 140
1749455668506 2.7272727272727273e-05 150
1749455687198 2.575757575757576e-05 160
1749455705992 2.4242424242424244e-05 170
1749455724088 2.272727272727273e-05 180
1749455739054 2.1212121212121215e-05 190
1749455755840 1.9696969696969697e-05 200
1749455773079 1.8181818181818182e-05 210
1749455789745 1.6666666666666667e-05 220
1749455806821 1.5151515151515153e-05 230
1749455824035 1.3636363636363637e-05 240
1749455841990 1.2121212121212122e-05 250
1749455859824 1.0606060606060607e-05 260
1749455877553 9.090909090909091e-06 270
1749455895123 7.5757575757575764e-06 280
1749455911991 6.060606060606061e-06 290
1749455930909 4.5454545454545455e-06 300
1749455947771 3.0303030303030305e-06 310
1749455964720 1.5151515151515152e-06 320
1749455982462 0.0 330
