1749455428271 13.6489 10
1749455445388 12.331 20
1749455462346 9.7325 30
1749455479372 7.0995 40
1749455496690 5.9355 50
1749455513768 4.7436 60
1749455530901 4.1415 70
1749455548027 3.6593 80
1749455565239 3.5722 90
1749455582367 3.1903 100
1749455599603 2.89 110
1749455617036 2.7686 120
1749455634116 2.6796 130
1749455651107 2.5084 140
1749455668506 2.4445 150
1749455687198 2.5715 160
1749455705992 2.2334 170
1749455724088 2.3306 180
1749455739054 2.009 190
1749455755840 2.3444 200
1749455773079 2.345 210
1749455789745 2.1513 220
1749455806821 2.1613 230
1749455824035 1.9618 240
1749455841990 1.9909 250
1749455859824 2.1103 260
1749455877553 1.9359 270
1749455895123 1.7271 280
1749455911991 1.7203 290
1749455930909 2.094 300
1749455947771 1.9712 310
1749455964720 2.0284 320
1749455982462 1.8444 330
