1749452619864 0.06060606060606061 10
1749452635573 0.12121212121212122 20
1749452651372 0.18181818181818182 30
1749452668082 0.24242424242424243 40
1749452683580 0.30303030303030304 50
1749452701906 0.36363636363636365 60
1749452717745 0.42424242424242425 70
1749452733275 0.48484848484848486 80
1749452748807 0.5454545454545454 90
1749452764288 0.6060606060606061 100
1749452779818 0.6666666666666666 110
1749452795360 0.7272727272727273 120
1749452811530 0.7878787878787878 130
1749452827115 0.8484848484848485 140
1749452843568 0.9090909090909091 150
1749452858750 0.9696969696969697 160
1749452874766 1.0303030303030303 170
1749452890988 1.0909090909090908 180
1749452907696 1.1515151515151516 190
1749452923632 1.2121212121212122 200
1749452940276 1.2727272727272727 210
1749452956674 1.3333333333333333 220
1749452972956 1.393939393939394 230
1749452988744 1.4545454545454546 240
1749453005742 1.5151515151515151 250
1749453005748 1.5151515151515151 250
