1749452619864 0.5778002738952637 10
1749452635573 0.5473229885101318 20
1749452651372 0.5644799470901489 30
1749452668082 0.6443541049957275 40
1749452683580 0.9158526659011841 50
1749452701906 0.8556259274482727 60
1749452717745 1.3799386024475098 70
1749452733275 1.1846789121627808 80
1749452748807 1.2773897647857666 90
1749452764288 1.2837446928024292 100
1749452779818 5.852714538574219 110
1749452795360 1.0511947870254517 120
1749452811530 1.3919306993484497 130
1749452827115 1.5148630142211914 140
1749452843568 1.4966156482696533 150
1749452858750 1.7137943506240845 160
1749452874766 1.9644237756729126 170
1749452890988 4.238221168518066 180
1749452907696 1.1953881978988647 190
1749452923632 1.429024338722229 200
1749452940276 1.299704909324646 210
1749452956674 1.5516170263290405 220
1749452972956 1.1878412961959839 230
1749452988744 1.452107310295105 240
1749453005742 1.4278955459594727 250
