1749452619864 4.8e-05 10
1749452635573 4.600000000000001e-05 20
1749452651372 4.4000000000000006e-05 30
1749452668082 4.2e-05 40
1749452683580 4e-05 50
1749452701906 3.8e-05 60
1749452717745 3.6e-05 70
1749452733275 3.4000000000000007e-05 80
1749452748807 3.2000000000000005e-05 90
1749452764288 3e-05 100
1749452779818 2.8000000000000003e-05 110
1749452795360 2.6000000000000002e-05 120
1749452811530 2.4e-05 130
1749452827115 2.2000000000000003e-05 140
1749452843568 2e-05 150
1749452858750 1.8e-05 160
1749452874766 1.6000000000000003e-05 170
1749452890988 1.4000000000000001e-05 180
1749452907696 1.2e-05 190
1749452923632 1e-05 200
1749452940276 8.000000000000001e-06 210
1749452956674 6e-06 220
1749452972956 4.000000000000001e-06 230
1749452988744 2.0000000000000003e-06 240
1749453005742 0.0 250
