1749452619864 1.2666 10
1749452635573 1.226 20
1749452651372 1.2794 30
1749452668082 1.3124 40
1749452683580 1.2491 50
1749452701906 1.2105 60
1749452717745 1.1904 70
1749452733275 1.0856 80
1749452748807 1.0631 90
1749452764288 1.0718 100
1749452779818 0.9828 110
1749452795360 0.9243 120
1749452811530 0.9171 130
1749452827115 0.894 140
1749452843568 0.8858 150
1749452858750 0.9083 160
1749452874766 0.8001 170
1749452890988 0.8595 180
1749452907696 0.7517 190
1749452923632 0.8354 200
1749452940276 0.8357 210
1749452956674 0.7911 220
1749452972956 0.814 230
1749452988744 0.7495 240
1749453005742 0.7704 250
