1749476301847 0.058823529411764705 10
1749476316986 0.11764705882352941 20
1749476331844 0.17647058823529413 30
1749476346018 0.23529411764705882 40
1749476359895 0.29411764705882354 50
1749476374002 0.35294117647058826 60
1749476387646 0.4117647058823529 70
1749476401247 0.47058823529411764 80
1749476414949 0.5294117647058824 90
1749476428614 0.5882352941176471 100
1749476442270 0.6470588235294118 110
1749476455935 0.7058823529411765 120
1749476469544 0.7647058823529411 130
1749476483167 0.8235294117647058 140
1749476496835 0.8823529411764706 150
1749476510433 0.9411764705882353 160
1749476524084 1.0 170
1749476537702 1.0588235294117647 180
1749476551305 1.1176470588235294 190
1749476564899 1.1764705882352942 200
1749476578534 1.2352941176470589 210
1749476592171 1.2941176470588236 220
1749476605880 1.3529411764705883 230
1749476621495 1.4117647058823528 240
1749476635320 1.4705882352941178 250
1749476649051 1.5294117647058822 260
1749476662779 1.5882352941176472 270
1749476676490 1.6470588235294117 280
1749476690195 1.7058823529411766 290
1749476703852 1.7647058823529411 300
1749476717540 1.8235294117647058 310
1749476731196 1.8823529411764706 320
1749476744920 1.9411764705882353 330
1749476758590 2.0 340
1749476758591 2.0 340
