1749476301847 12.566778182983398 10
1749476316986 41.8276481628418 20
1749476331844 47.295005798339844 30
1749476346018 24.31920623779297 40
1749476359895 72.64078521728516 50
1749476374002 66.86146545410156 60
1749476387646 34.73112487792969 70
1749476401247 5.815316677093506 80
1749476414949 3.9546749591827393 90
1749476428614 4.511172771453857 100
1749476442270 5.239522457122803 110
1749476455935 3.5335559844970703 120
1749476469544 2.063727378845215 130
1749476483167 2.905996561050415 140
1749476496835 3.7708704471588135 150
1749476510433 2.667088747024536 160
1749476524084 2.8104746341705322 170
1749476537702 2.965852737426758 180
1749476551305 5.557363986968994 190
1749476564899 5.520730495452881 200
1749476578534 3.8922486305236816 210
1749476592171 4.1393303871154785 220
1749476605880 3.950777053833008 230
1749476621495 6.521511077880859 240
1749476635320 3.027529239654541 250
1749476649051 4.545036315917969 260
1749476662779 4.737236976623535 270
1749476676490 4.738420486450195 280
1749476690195 6.227832317352295 290
1749476703852 7.322481632232666 300
1749476717540 4.236536502838135 310
1749476731196 3.5707452297210693 320
1749476744920 5.086310863494873 330
1749476758590 4.190769195556641 340
