1749476301847 4.8529411764705885e-05 10
1749476316986 4.705882352941177e-05 20
1749476331844 4.558823529411765e-05 30
1749476346018 4.411764705882353e-05 40
1749476359895 4.2647058823529415e-05 50
1749476374002 4.11764705882353e-05 60
1749476387646 3.970588235294117e-05 70
1749476401247 3.8235294117647055e-05 80
1749476414949 3.6764705882352945e-05 90
1749476428614 3.529411764705883e-05 100
1749476442270 3.382352941176471e-05 110
1749476455935 3.235294117647059e-05 120
1749476469544 3.0882352941176475e-05 130
1749476483167 2.9411764705882354e-05 140
1749476496835 2.7941176470588236e-05 150
1749476510433 2.647058823529412e-05 160
1749476524084 2.5e-05 170
1749476537702 2.3529411764705884e-05 180
1749476551305 2.2058823529411766e-05 190
1749476564899 2.058823529411765e-05 200
1749476578534 1.9117647058823528e-05 210
1749476592171 1.7647058823529414e-05 220
1749476605880 1.6176470588235296e-05 230
1749476621495 1.4705882352941177e-05 240
1749476635320 1.323529411764706e-05 250
1749476649051 1.1764705882352942e-05 260
1749476662779 1.0294117647058824e-05 270
1749476676490 8.823529411764707e-06 280
1749476690195 7.3529411764705884e-06 290
1749476703852 5.882352941176471e-06 300
1749476717540 4.411764705882353e-06 310
1749476731196 2.9411764705882355e-06 320
1749476744920 1.4705882352941177e-06 330
1749476758590 0.0 340
