1749476301847 13.6401 10
1749476316986 12.2602 20
1749476331844 9.576 30
1749476346018 7.0069 40
1749476359895 5.9119 50
1749476374002 4.8333 60
1749476387646 4.206 70
1749476401247 3.6611 80
1749476414949 3.3227 90
1749476428614 3.2229 100
1749476442270 2.9265 110
1749476455935 2.5559 120
1749476469544 2.5891 130
1749476483167 2.6412 140
1749476496835 2.2873 150
1749476510433 2.3562 160
1749476524084 2.5121 170
1749476537702 2.2457 180
1749476551305 2.3661 190
1749476564899 2.1219 200
1749476578534 2.0119 210
1749476592171 1.9858 220
1749476605880 2.1913 230
1749476621495 2.0275 240
1749476635320 1.9644 250
1749476649051 1.9778 260
1749476662779 2.0535 270
1749476676490 1.9567 280
1749476690195 1.8527 290
1749476703852 1.9062 300
1749476717540 1.9992 310
1749476731196 1.7939 320
1749476744920 1.8472 330
1749476758590 1.8929 340
