1749457621091 0.06060606060606061 10
1749457637020 0.12121212121212122 20
1749457652320 0.18181818181818182 30
1749457667292 0.24242424242424243 40
1749457682524 0.30303030303030304 50
1749457697689 0.36363636363636365 60
1749457712711 0.42424242424242425 70
1749457727487 0.48484848484848486 80
1749457742877 0.5454545454545454 90
1749457757652 0.6060606060606061 100
1749457772680 0.6666666666666666 110
1749457787728 0.7272727272727273 120
1749457803096 0.7878787878787878 130
1749457818992 0.8484848484848485 140
1749457833800 0.9090909090909091 150
1749457849242 0.9696969696969697 160
1749457864888 1.0303030303030303 170
1749457879915 1.0909090909090908 180
1749457894795 1.1515151515151516 190
1749457910246 1.2121212121212122 200
1749457925347 1.2727272727272727 210
1749457940650 1.3333333333333333 220
1749457955805 1.393939393939394 230
1749457971270 1.4545454545454546 240
1749457986598 1.5151515151515151 250
1749458002049 1.5757575757575757 260
1749458017920 1.6363636363636362 270
1749458032943 1.696969696969697 280
1749458047844 1.7575757575757576 290
1749458063046 1.8181818181818183 300
1749458078155 1.878787878787879 310
1749458093056 1.9393939393939394 320
1749458107649 2.0 330
1749458107652 2.0 330
