1749457621091 12.892962455749512 10
1749457637020 38.39274597167969 20
1749457652320 46.72046661376953 30
1749457667292 51.827728271484375 40
1749457682524 82.8258056640625 50
1749457697689 56.32423400878906 60
1749457712711 16.037630081176758 70
1749457727487 3.4484705924987793 80
1749457742877 5.288508892059326 90
1749457757652 4.814817905426025 100
1749457772680 3.0405054092407227 110
1749457787728 2.0059964656829834 120
1749457803096 3.0537033081054688 130
1749457818992 2.614126205444336 140
1749457833800 2.2260122299194336 150
1749457849242 3.6691784858703613 160
1749457864888 5.5259270668029785 170
1749457879915 3.5301175117492676 180
1749457894795 2.927363634109497 190
1749457910246 2.9144558906555176 200
1749457925347 3.038062572479248 210
1749457940650 3.1516952514648438 220
1749457955805 2.741976499557495 230
1749457971270 4.692549705505371 240
1749457986598 4.552180290222168 250
1749458002049 3.3465099334716797 260
1749458017920 3.0720858573913574 270
1749458032943 3.7239506244659424 280
1749458047844 3.243656873703003 290
1749458063046 5.337807655334473 300
1749458078155 5.557450294494629 310
1749458093056 4.540768623352051 320
1749458107649 3.5517101287841797 330
