1749457621091 4.848484848484849e-05 10
1749457637020 4.696969696969697e-05 20
1749457652320 4.545454545454546e-05 30
1749457667292 4.3939393939393944e-05 40
1749457682524 4.242424242424243e-05 50
1749457697689 4.0909090909090915e-05 60
1749457712711 3.939393939393939e-05 70
1749457727487 3.787878787878788e-05 80
1749457742877 3.6363636363636364e-05 90
1749457757652 3.484848484848485e-05 100
1749457772680 3.3333333333333335e-05 110
1749457787728 3.181818181818182e-05 120
1749457803096 3.0303030303030306e-05 130
1749457818992 2.878787878787879e-05 140
1749457833800 2.7272727272727273e-05 150
1749457849242 2.575757575757576e-05 160
1749457864888 2.4242424242424244e-05 170
1749457879915 2.272727272727273e-05 180
1749457894795 2.1212121212121215e-05 190
1749457910246 1.9696969696969697e-05 200
1749457925347 1.8181818181818182e-05 210
1749457940650 1.6666666666666667e-05 220
1749457955805 1.5151515151515153e-05 230
1749457971270 1.3636363636363637e-05 240
1749457986598 1.2121212121212122e-05 250
1749458002049 1.0606060606060607e-05 260
1749458017920 9.090909090909091e-06 270
1749458032943 7.5757575757575764e-06 280
1749458047844 6.060606060606061e-06 290
1749458063046 4.5454545454545455e-06 300
1749458078155 3.0303030303030305e-06 310
1749458093056 1.5151515151515152e-06 320
1749458107649 0.0 330
