1749457621091 13.6489 10
1749457637020 12.331 20
1749457652320 9.7325 30
1749457667292 7.0995 40
1749457682524 5.9355 50
1749457697689 4.7436 60
1749457712711 4.1415 70
1749457727487 3.6593 80
1749457742877 3.5722 90
1749457757652 3.1903 100
1749457772680 2.89 110
1749457787728 2.7686 120
1749457803096 2.6796 130
1749457818992 2.5084 140
1749457833800 2.4445 150
1749457849242 2.5715 160
1749457864888 2.2334 170
1749457879915 2.3306 180
1749457894795 2.009 190
1749457910246 2.3444 200
1749457925347 2.345 210
1749457940650 2.1513 220
1749457955805 2.1613 230
1749457971270 1.9618 240
1749457986598 1.9909 250
1749458002049 2.1103 260
1749458017920 1.9359 270
1749458032943 1.7271 280
1749458047844 1.7203 290
1749458063046 2.094 300
1749458078155 1.9712 310
1749458093056 2.0284 320
1749458107649 1.8444 330
