1749457067552 0.058823529411764705 10
1749457082341 0.11764705882352941 20
1749457097468 0.17647058823529413 30
1749457112396 0.23529411764705882 40
1749457127276 0.29411764705882354 50
1749457142864 0.35294117647058826 60
1749457158720 0.4117647058823529 70
1749457173740 0.47058823529411764 80
1749457188842 0.5294117647058824 90
1749457204629 0.5882352941176471 100
1749457219614 0.6470588235294118 110
1749457235056 0.7058823529411765 120
1749457250463 0.7647058823529411 130
1749457266398 0.8235294117647058 140
1749457281604 0.8823529411764706 150
1749457297116 0.9411764705882353 160
1749457312878 1.0 170
1749457328493 1.0588235294117647 180
1749457344059 1.1176470588235294 190
1749457358867 1.1764705882352942 200
1749457374227 1.2352941176470589 210
1749457389220 1.2941176470588236 220
1749457404356 1.3529411764705883 230
1749457419277 1.4117647058823528 240
1749457435238 1.4705882352941178 250
1749457452150 1.5294117647058822 260
1749457472148 1.5882352941176472 270
1749457487709 1.6470588235294117 280
1749457504349 1.7058823529411766 290
1749457519256 1.7647058823529411 300
1749457534659 1.8235294117647058 310
1749457550227 1.8823529411764706 320
1749457571724 1.9411764705882353 330
1749457588183 2.0 340
1749457588187 2.0 340
