1749457067552 10.64859390258789 10
1749457082341 33.15782165527344 20
1749457097468 46.63843536376953 30
1749457112396 53.65869140625 40
1749457127276 107.06172180175781 50
1749457142864 65.63343811035156 60
1749457158720 39.61263656616211 70
1749457173740 6.022027015686035 80
1749457188842 3.6366350650787354 90
1749457204629 4.947579383850098 100
1749457219614 4.727344512939453 110
1749457235056 3.434694766998291 120
1749457250463 2.1208293437957764 130
1749457266398 2.78098201751709 140
1749457281604 3.577655553817749 150
1749457297116 2.6533398628234863 160
1749457312878 2.2389957904815674 170
1749457328493 2.7926084995269775 180
1749457344059 5.007731914520264 190
1749457358867 5.109386920928955 200
1749457374227 3.7842767238616943 210
1749457389220 3.789198637008667 220
1749457404356 3.6836559772491455 230
1749457419277 6.06345272064209 240
1749457435238 3.0730016231536865 250
1749457452150 4.524158954620361 260
1749457472148 4.114109992980957 270
1749457487709 4.332388401031494 280
1749457504349 5.70235013961792 290
1749457519256 6.98139762878418 300
1749457534659 3.802112579345703 310
1749457550227 3.4628615379333496 320
1749457571724 4.841630458831787 330
1749457588183 4.081328392028809 340
