1749457067552 4.8529411764705885e-05 10
1749457082341 4.705882352941177e-05 20
1749457097468 4.558823529411765e-05 30
1749457112396 4.411764705882353e-05 40
1749457127276 4.2647058823529415e-05 50
1749457142864 4.11764705882353e-05 60
1749457158720 3.970588235294117e-05 70
1749457173740 3.8235294117647055e-05 80
1749457188842 3.6764705882352945e-05 90
1749457204629 3.529411764705883e-05 100
1749457219614 3.382352941176471e-05 110
1749457235056 3.235294117647059e-05 120
1749457250463 3.0882352941176475e-05 130
1749457266398 2.9411764705882354e-05 140
1749457281604 2.7941176470588236e-05 150
1749457297116 2.647058823529412e-05 160
1749457312878 2.5e-05 170
1749457328493 2.3529411764705884e-05 180
1749457344059 2.2058823529411766e-05 190
1749457358867 2.058823529411765e-05 200
1749457374227 1.9117647058823528e-05 210
1749457389220 1.7647058823529414e-05 220
1749457404356 1.6176470588235296e-05 230
1749457419277 1.4705882352941177e-05 240
1749457435238 1.323529411764706e-05 250
1749457452150 1.1764705882352942e-05 260
1749457472148 1.0294117647058824e-05 270
1749457487709 8.823529411764707e-06 280
1749457504349 7.3529411764705884e-06 290
1749457519256 5.882352941176471e-06 300
1749457534659 4.411764705882353e-06 310
1749457550227 2.9411764705882355e-06 320
1749457571724 1.4705882352941177e-06 330
1749457588183 0.0 340
