1749457067552 13.6514 10
1749457082341 12.3299 20
1749457097468 9.7666 30
1749457112396 7.1814 40
1749457127276 5.9747 50
1749457142864 4.944 60
1749457158720 4.2865 70
1749457173740 3.7641 80
1749457188842 3.4091 90
1749457204629 3.3033 100
1749457219614 2.9989 110
1749457235056 2.6192 120
1749457250463 2.6468 130
1749457266398 2.6969 140
1749457281604 2.3313 150
1749457297116 2.397 160
1749457312878 2.5543 170
1749457328493 2.2813 180
1749457344059 2.3989 190
1749457358867 2.1519 200
1749457374227 2.0387 210
1749457389220 2.0143 220
1749457404356 2.2177 230
1749457419277 2.0541 240
1749457435238 1.991 250
1749457452150 2.0009 260
1749457472148 2.0787 270
1749457487709 1.9791 280
1749457504349 1.8792 290
1749457519256 1.9282 300
1749457534659 2.0233 310
1749457550227 1.8234 320
1749457571724 1.8714 330
1749457588183 1.9173 340
