1749460508233 0.06060606060606061 10
1749460522470 0.12121212121212122 20
1749460536496 0.18181818181818182 30
1749460550531 0.24242424242424243 40
1749460564582 0.30303030303030304 50
1749460579129 0.36363636363636365 60
1749460594064 0.42424242424242425 70
1749460608595 0.48484848484848486 80
1749460622813 0.5454545454545454 90
1749460637095 0.6060606060606061 100
1749460651612 0.6666666666666666 110
1749460665670 0.7272727272727273 120
1749460680021 0.7878787878787878 130
1749460695276 0.8484848484848485 140
1749460709813 0.9090909090909091 150
1749460726417 0.9696969696969697 160
1749460744746 1.0303030303030303 170
1749460760860 1.0909090909090908 180
1749460777011 1.1515151515151516 190
1749460793120 1.2121212121212122 200
1749460809135 1.2727272727272727 210
1749460825715 1.3333333333333333 220
1749460842013 1.393939393939394 230
1749460859617 1.4545454545454546 240
1749460875689 1.5151515151515151 250
1749460892038 1.5757575757575757 260
1749460907887 1.6363636363636362 270
1749460923582 1.696969696969697 280
1749460939203 1.7575757575757576 290
1749460954861 1.8181818181818183 300
1749460970480 1.878787878787879 310
1749460986168 1.9393939393939394 320
1749461001795 2.0 330
1749461001798 2.0 330
