1749460508233 12.892962455749512 10
1749460522470 38.39274597167969 20
1749460536496 46.72046661376953 30
1749460550531 51.827728271484375 40
1749460564582 82.8258056640625 50
1749460579129 56.32423400878906 60
1749460594064 16.037630081176758 70
1749460608595 3.4484705924987793 80
1749460622813 5.288508892059326 90
1749460637095 4.814817905426025 100
1749460651612 3.0405054092407227 110
1749460665670 2.0059964656829834 120
1749460680021 3.0537033081054688 130
1749460695276 2.614126205444336 140
1749460709813 2.2260122299194336 150
1749460726417 3.6691784858703613 160
1749460744746 5.5259270668029785 170
1749460760860 3.5301175117492676 180
1749460777011 2.927363634109497 190
1749460793120 2.9144558906555176 200
1749460809135 3.038062572479248 210
1749460825715 3.1516952514648438 220
1749460842013 2.741976499557495 230
1749460859617 4.692549705505371 240
1749460875689 4.552180290222168 250
1749460892038 3.3465099334716797 260
1749460907887 3.0720858573913574 270
1749460923582 3.7239506244659424 280
1749460939203 3.243656873703003 290
1749460954861 5.337807655334473 300
1749460970480 5.557450294494629 310
1749460986168 4.540768623352051 320
1749461001795 3.5517101287841797 330
