1749460508233 4.848484848484849e-05 10
1749460522470 4.696969696969697e-05 20
1749460536496 4.545454545454546e-05 30
1749460550531 4.3939393939393944e-05 40
1749460564582 4.242424242424243e-05 50
1749460579129 4.0909090909090915e-05 60
1749460594064 3.939393939393939e-05 70
1749460608595 3.787878787878788e-05 80
1749460622813 3.6363636363636364e-05 90
1749460637095 3.484848484848485e-05 100
1749460651612 3.3333333333333335e-05 110
1749460665670 3.181818181818182e-05 120
1749460680021 3.0303030303030306e-05 130
1749460695276 2.878787878787879e-05 140
1749460709813 2.7272727272727273e-05 150
1749460726417 2.575757575757576e-05 160
1749460744746 2.4242424242424244e-05 170
1749460760860 2.272727272727273e-05 180
1749460777011 2.1212121212121215e-05 190
1749460793120 1.9696969696969697e-05 200
1749460809135 1.8181818181818182e-05 210
1749460825715 1.6666666666666667e-05 220
1749460842013 1.5151515151515153e-05 230
1749460859617 1.3636363636363637e-05 240
1749460875689 1.2121212121212122e-05 250
1749460892038 1.0606060606060607e-05 260
1749460907887 9.090909090909091e-06 270
1749460923582 7.5757575757575764e-06 280
1749460939203 6.060606060606061e-06 290
1749460954861 4.5454545454545455e-06 300
1749460970480 3.0303030303030305e-06 310
1749460986168 1.5151515151515152e-06 320
1749461001795 0.0 330
