1749460508233 13.6489 10
1749460522470 12.331 20
1749460536496 9.7325 30
1749460550531 7.0995 40
1749460564582 5.9355 50
1749460579129 4.7436 60
1749460594064 4.1415 70
1749460608595 3.6593 80
1749460622813 3.5722 90
1749460637095 3.1903 100
1749460651612 2.89 110
1749460665670 2.7686 120
1749460680021 2.6796 130
1749460695276 2.5084 140
1749460709813 2.4445 150
1749460726417 2.5715 160
1749460744746 2.2334 170
1749460760860 2.3306 180
1749460777011 2.009 190
1749460793120 2.3444 200
1749460809135 2.345 210
1749460825715 2.1513 220
1749460842013 2.1613 230
1749460859617 1.9618 240
1749460875689 1.9909 250
1749460892038 2.1103 260
1749460907887 1.9359 270
1749460923582 1.7271 280
1749460939203 1.7203 290
1749460954861 2.094 300
1749460970480 1.9712 310
1749460986168 2.0284 320
1749461001795 1.8444 330
