1749438937601 0.058823529411764705 10
1749438984561 0.11764705882352941 20
1749439023270 0.17647058823529413 30
1749439075549 0.23529411764705882 40
1749439121623 0.29411764705882354 50
1749439177038 0.35294117647058826 60
1749439211514 0.4117647058823529 70
1749439249843 0.47058823529411764 80
1749439344773 0.5294117647058824 90
1749439451443 0.5882352941176471 100
1749439508441 0.6470588235294118 110
1749439556911 0.7058823529411765 120
1749439630614 0.7647058823529411 130
1749439697093 0.8235294117647058 140
1749439776966 0.8823529411764706 150
1749439913654 0.9411764705882353 160
1749440028446 1.0 170
1749440115517 1.0588235294117647 180
1749440180047 1.1176470588235294 190
1749440212897 1.1764705882352942 200
1749440242896 1.2352941176470589 210
1749440305102 1.2941176470588236 220
1749440367236 1.3529411764705883 230
1749440411905 1.4117647058823528 240
1749440459097 1.4705882352941178 250
1749440459114 1.4705882352941178 250
