1749438937601 11.326562881469727 10
1749438984561 24.612825393676758 20
1749439023270 115.35298919677734 30
1749439075549 61.200435638427734 40
1749439121623 125.87871551513672 50
1749439177038 112.56520080566406 60
1749439211514 86.86554718017578 70
1749439249843 53.91950607299805 80
1749439344773 8.469225883483887 90
1749439451443 1.1199816465377808 100
1749439508441 0.4776625633239746 110
1749439556911 3.0101823806762695 120
1749439630614 0.49774816632270813 130
1749439697093 0.6313202977180481 140
1749439776966 0.5501583218574524 150
1749439913654 0.44723325967788696 160
1749440028446 0.5556777715682983 170
1749440115517 0.5685573816299438 180
1749440180047 0.5464587807655334 190
1749440212897 0.615978479385376 200
1749440242896 2.22475004196167 210
1749440305102 0.48803821206092834 220
1749440367236 0.46690621972084045 230
1749440411905 0.5744926333427429 240
1749440459097 0.5617568492889404 250
