1749438937601 4.8e-05 10
1749438984561 4.600000000000001e-05 20
1749439023270 4.4000000000000006e-05 30
1749439075549 4.2e-05 40
1749439121623 4e-05 50
1749439177038 3.8e-05 60
1749439211514 3.6e-05 70
1749439249843 3.4000000000000007e-05 80
1749439344773 3.2000000000000005e-05 90
1749439451443 3e-05 100
1749439508441 2.8000000000000003e-05 110
1749439556911 2.6000000000000002e-05 120
1749439630614 2.4e-05 130
1749439697093 2.2000000000000003e-05 140
1749439776966 2e-05 150
1749439913654 1.8e-05 160
1749440028446 1.6000000000000003e-05 170
1749440115517 1.4000000000000001e-05 180
1749440180047 1.2e-05 190
1749440212897 1e-05 200
1749440242896 8.000000000000001e-06 210
1749440305102 6e-06 220
1749440367236 4.000000000000001e-06 230
1749440411905 2.0000000000000003e-06 240
1749440459097 0.0 250
