1749438937601 14.1624 10
1749438984561 12.9758 20
1749439023270 10.7035 30
1749439075549 6.4573 40
1749439121623 4.721 50
1749439177038 3.7461 60
1749439211514 2.6428 70
1749439249843 1.633 80
1749439344773 1.1156 90
1749439451443 0.9403 100
1749439508441 0.9036 110
1749439556911 0.8408 120
1749439630614 0.8065 130
1749439697093 0.8265 140
1749439776966 0.7777 150
1749439913654 0.7888 160
1749440028446 0.8045 170
1749440115517 0.7523 180
1749440180047 0.7493 190
1749440212897 0.736 200
1749440242896 0.6889 210
1749440305102 0.6769 220
1749440367236 0.7127 230
1749440411905 0.6987 240
1749440459097 0.6832 250
