1749476781082 0.06060606060606061 10
1749476795136 0.12121212121212122 20
1749476808693 0.18181818181818182 30
1749476822255 0.24242424242424243 40
1749476835796 0.30303030303030304 50
1749476849334 0.36363636363636365 60
1749476862923 0.42424242424242425 70
1749476876476 0.48484848484848486 80
1749476889996 0.5454545454545454 90
1749476903574 0.6060606060606061 100
1749476917132 0.6666666666666666 110
1749476930719 0.7272727272727273 120
1749476944243 0.7878787878787878 130
1749476957788 0.8484848484848485 140
1749476971355 0.9090909090909091 150
1749476984904 0.9696969696969697 160
1749476998445 1.0303030303030303 170
1749477011934 1.0909090909090908 180
1749477025436 1.1515151515151516 190
1749477038950 1.2121212121212122 200
1749477052474 1.2727272727272727 210
1749477066022 1.3333333333333333 220
1749477079554 1.393939393939394 230
1749477093741 1.4545454545454546 240
1749477107510 1.5151515151515151 250
1749477121135 1.5757575757575757 260
1749477134709 1.6363636363636362 270
1749477148230 1.696969696969697 280
1749477161738 1.7575757575757576 290
1749477175257 1.8181818181818183 300
1749477188804 1.878787878787879 310
1749477202345 1.9393939393939394 320
1749477215958 2.0 330
1749477215958 2.0 330
