1749476781082 12.892962455749512 10
1749476795136 38.39274597167969 20
1749476808693 46.72046661376953 30
1749476822255 51.827728271484375 40
1749476835796 82.8258056640625 50
1749476849334 56.32423400878906 60
1749476862923 16.037630081176758 70
1749476876476 3.4484705924987793 80
1749476889996 5.288508892059326 90
1749476903574 4.814817905426025 100
1749476917132 3.0405054092407227 110
1749476930719 2.0059964656829834 120
1749476944243 3.0537033081054688 130
1749476957788 2.614126205444336 140
1749476971355 2.2260122299194336 150
1749476984904 3.6691784858703613 160
1749476998445 5.5259270668029785 170
1749477011934 3.5301175117492676 180
1749477025436 2.927363634109497 190
1749477038950 2.9144558906555176 200
1749477052474 3.038062572479248 210
1749477066022 3.1516952514648438 220
1749477079554 2.741976499557495 230
1749477093741 4.692549705505371 240
1749477107510 4.552180290222168 250
1749477121135 3.3465099334716797 260
1749477134709 3.0720858573913574 270
1749477148230 3.7239506244659424 280
1749477161738 3.243656873703003 290
1749477175257 5.337807655334473 300
1749477188804 5.557450294494629 310
1749477202345 4.540768623352051 320
1749477215958 3.5517101287841797 330
