1749476781082 13.6489 10
1749476795136 12.331 20
1749476808693 9.7325 30
1749476822255 7.0995 40
1749476835796 5.9355 50
1749476849334 4.7436 60
1749476862923 4.1415 70
1749476876476 3.6593 80
1749476889996 3.5722 90
1749476903574 3.1903 100
1749476917132 2.89 110
1749476930719 2.7686 120
1749476944243 2.6796 130
1749476957788 2.5084 140
1749476971355 2.4445 150
1749476984904 2.5715 160
1749476998445 2.2334 170
1749477011934 2.3306 180
1749477025436 2.009 190
1749477038950 2.3444 200
1749477052474 2.345 210
1749477066022 2.1513 220
1749477079554 2.1613 230
1749477093741 1.9618 240
1749477107510 1.9909 250
1749477121135 2.1103 260
1749477134709 1.9359 270
1749477148230 1.7271 280
1749477161738 1.7203 290
1749477175257 2.094 300
1749477188804 1.9712 310
1749477202345 2.0284 320
1749477215958 1.8444 330
