1749459955068 0.058823529411764705 10
1749459971754 0.11764705882352941 20
1749459988469 0.17647058823529413 30
1749460012384 0.23529411764705882 40
1749460029087 0.29411764705882354 50
1749460047455 0.35294117647058826 60
1749460064788 0.4117647058823529 70
1749460081910 0.47058823529411764 80
1749460098898 0.5294117647058824 90
1749460115119 0.5882352941176471 100
1749460131769 0.6470588235294118 110
1749460148570 0.7058823529411765 120
1749460166293 0.7647058823529411 130
1749460182733 0.8235294117647058 140
1749460200721 0.8823529411764706 150
1749460217789 0.9411764705882353 160
1749460233380 1.0 170
1749460247242 1.0588235294117647 180
1749460261428 1.1176470588235294 190
1749460275726 1.1764705882352942 200
1749460290448 1.2352941176470589 210
1749460305948 1.2941176470588236 220
1749460321710 1.3529411764705883 230
1749460336272 1.4117647058823528 240
1749460350902 1.4705882352941178 250
1749460365181 1.5294117647058822 260
1749460380154 1.5882352941176472 270
1749460394500 1.6470588235294117 280
1749460408792 1.7058823529411766 290
1749460423068 1.7647058823529411 300
1749460437177 1.8235294117647058 310
1749460451473 1.8823529411764706 320
1749460465852 1.9411764705882353 330
1749460480161 2.0 340
1749460480165 2.0 340
