1749459955068 12.113748550415039 10
1749459971754 41.957763671875 20
1749459988469 47.4433479309082 30
1749460012384 22.493324279785156 40
1749460029087 117.6297607421875 50
1749460047455 58.10063552856445 60
1749460064788 32.22484588623047 70
1749460081910 8.348676681518555 80
1749460098898 3.531564950942993 90
1749460115119 3.4611973762512207 100
1749460131769 5.105245590209961 110
1749460148570 3.516754150390625 120
1749460166293 2.0692453384399414 130
1749460182733 3.0141425132751465 140
1749460200721 3.8284924030303955 150
1749460217789 2.638617753982544 160
1749460233380 2.3916001319885254 170
1749460247242 2.9345929622650146 180
1749460261428 5.57390022277832 190
1749460275726 5.177292346954346 200
1749460290448 3.841569662094116 210
1749460305948 4.058932304382324 220
1749460321710 4.131941795349121 230
1749460336272 6.193634986877441 240
1749460350902 3.094942808151245 250
1749460365181 4.724403381347656 260
1749460380154 4.630608558654785 270
1749460394500 4.6956024169921875 280
1749460408792 6.016932487487793 290
1749460423068 7.731299877166748 300
1749460437177 3.9046781063079834 310
1749460451473 3.39943790435791 320
1749460465852 4.846960067749023 330
1749460480161 4.09690523147583 340
