1749459955068 4.8529411764705885e-05 10
1749459971754 4.705882352941177e-05 20
1749459988469 4.558823529411765e-05 30
1749460012384 4.411764705882353e-05 40
1749460029087 4.2647058823529415e-05 50
1749460047455 4.11764705882353e-05 60
1749460064788 3.970588235294117e-05 70
1749460081910 3.8235294117647055e-05 80
1749460098898 3.6764705882352945e-05 90
1749460115119 3.529411764705883e-05 100
1749460131769 3.382352941176471e-05 110
1749460148570 3.235294117647059e-05 120
1749460166293 3.0882352941176475e-05 130
1749460182733 2.9411764705882354e-05 140
1749460200721 2.7941176470588236e-05 150
1749460217789 2.647058823529412e-05 160
1749460233380 2.5e-05 170
1749460247242 2.3529411764705884e-05 180
1749460261428 2.2058823529411766e-05 190
1749460275726 2.058823529411765e-05 200
1749460290448 1.9117647058823528e-05 210
1749460305948 1.7647058823529414e-05 220
1749460321710 1.6176470588235296e-05 230
1749460336272 1.4705882352941177e-05 240
1749460350902 1.323529411764706e-05 250
1749460365181 1.1764705882352942e-05 260
1749460380154 1.0294117647058824e-05 270
1749460394500 8.823529411764707e-06 280
1749460408792 7.3529411764705884e-06 290
1749460423068 5.882352941176471e-06 300
1749460437177 4.411764705882353e-06 310
1749460451473 2.9411764705882355e-06 320
1749460465852 1.4705882352941177e-06 330
1749460480161 0.0 340
