1749459955068 13.6428 10
1749459971754 12.2725 20
1749459988469 9.6162 30
1749460012384 7.0668 40
1749460029087 5.9526 50
1749460047455 4.8601 60
1749460064788 4.2144 70
1749460081910 3.6654 80
1749460098898 3.3198 90
1749460115119 3.2148 100
1749460131769 2.9188 110
1749460148570 2.5457 120
1749460166293 2.5776 130
1749460182733 2.6303 140
1749460200721 2.2782 150
1749460217789 2.3482 160
1749460233380 2.5077 170
1749460247242 2.2411 180
1749460261428 2.3622 190
1749460275726 2.1193 200
1749460290448 2.009 210
1749460305948 1.9828 220
1749460321710 2.1886 230
1749460336272 2.0273 240
1749460350902 1.9618 250
1749460365181 1.9769 260
1749460380154 2.0532 270
1749460394500 1.958 280
1749460408792 1.8529 290
1749460423068 1.9067 300
1749460437177 2.002 310
1749460451473 1.7955 320
1749460465852 1.847 330
1749460480161 1.8962 340
