1749458134575 0.06060606060606061 10
1749458149074 0.12121212121212122 20
1749458163952 0.18181818181818182 30
1749458178336 0.24242424242424243 40
1749458192912 0.30303030303030304 50
1749458207991 0.36363636363636365 60
1749458223225 0.42424242424242425 70
1749458238689 0.48484848484848486 80
1749458254289 0.5454545454545454 90
1749458269007 0.6060606060606061 100
1749458283699 0.6666666666666666 110
1749458298754 0.7272727272727273 120
1749458314681 0.7878787878787878 130
1749458329236 0.8484848484848485 140
1749458344038 0.9090909090909091 150
1749458358798 0.9696969696969697 160
1749458373779 1.0303030303030303 170
1749458388505 1.0909090909090908 180
1749458403059 1.1515151515151516 190
1749458418216 1.2121212121212122 200
1749458433241 1.2727272727272727 210
1749458448882 1.3333333333333333 220
1749458463629 1.393939393939394 230
1749458477791 1.4545454545454546 240
1749458492092 1.5151515151515151 250
1749458506634 1.5757575757575757 260
1749458520853 1.6363636363636362 270
1749458535250 1.696969696969697 280
1749458550308 1.7575757575757576 290
1749458565654 1.8181818181818183 300
1749458580789 1.878787878787879 310
1749458596063 1.9393939393939394 320
1749458610915 2.0 330
1749458610913 2.0 330
