1749458134575 12.824438095092773 10
1749458149074 39.51421356201172 20
1749458163952 49.02531433105469 30
1749458178336 55.216880798339844 40
1749458192912 121.21769714355469 50
1749458207991 52.257389068603516 60
1749458223225 30.535795211791992 70
1749458238689 12.997908592224121 80
1749458254289 12.201340675354004 90
1749458269007 13.489476203918457 100
1749458283699 3.331798553466797 110
1749458298754 3.120300531387329 120
1749458314681 3.5013372898101807 130
1749458329236 5.291398048400879 140
1749458344038 4.0085530281066895 150
1749458358798 3.459555149078369 160
1749458373779 3.065324306488037 170
1749458388505 4.263146877288818 180
1749458403059 4.379159927368164 190
1749458418216 3.4411354064941406 200
1749458433241 4.480992794036865 210
1749458448882 4.350317478179932 220
1749458463629 2.6097264289855957 230
1749458477791 3.169370174407959 240
1749458492092 2.9007086753845215 250
1749458506634 5.120532989501953 260
1749458520853 3.4794633388519287 270
1749458535250 3.083404779434204 280
1749458550308 5.205952167510986 290
1749458565654 5.0036396980285645 300
1749458580789 6.096887111663818 310
1749458596063 3.424790859222412 320
1749458610913 5.5782246589660645 330
