1749458134575 13.5886 10
1749458149074 12.2154 20
1749458163952 9.7637 30
1749458178336 6.9628 40
1749458192912 6.1174 50
1749458207991 4.7266 60
1749458223225 4.205 70
1749458238689 3.6064 80
1749458254289 3.3842 90
1749458269007 3.26 100
1749458283699 2.928 110
1749458298754 3.0144 120
1749458314681 2.8037 130
1749458329236 2.7969 140
1749458344038 2.5918 150
1749458358798 2.3467 160
1749458373779 2.4051 170
1749458388505 2.2177 180
1749458403059 2.1904 190
1749458418216 2.4243 200
1749458433241 1.9802 210
1749458448882 2.2356 220
1749458463629 1.9665 230
1749458477791 1.7187 240
1749458492092 1.9486 250
1749458506634 1.8117 260
1749458520853 1.8436 270
1749458535250 1.7431 280
1749458550308 1.9185 290
1749458565654 2.0037 300
1749458580789 1.8847 310
1749458596063 2.0617 320
1749458610913 1.7099 330
