1749477240037 0.06060606060606061 10
1749477253525 0.12121212121212122 20
1749477267043 0.18181818181818182 30
1749477280619 0.24242424242424243 40
1749477294171 0.30303030303030304 50
1749477307692 0.36363636363636365 60
1749477321266 0.42424242424242425 70
1749477334817 0.48484848484848486 80
1749477348376 0.5454545454545454 90
1749477361961 0.6060606060606061 100
1749477375494 0.6666666666666666 110
1749477388984 0.7272727272727273 120
1749477402992 0.7878787878787878 130
1749477416603 0.8484848484848485 140
1749477430172 0.9090909090909091 150
1749477443740 0.9696969696969697 160
1749477457313 1.0303030303030303 170
1749477470829 1.0909090909090908 180
1749477484321 1.1515151515151516 190
1749477497838 1.2121212121212122 200
1749477511426 1.2727272727272727 210
1749477525001 1.3333333333333333 220
1749477538479 1.393939393939394 230
1749477551981 1.4545454545454546 240
1749477565455 1.5151515151515151 250
1749477578968 1.5757575757575757 260
1749477592517 1.6363636363636362 270
1749477606003 1.696969696969697 280
1749477619522 1.7575757575757576 290
1749477633040 1.8181818181818183 300
1749477646573 1.878787878787879 310
1749477660109 1.9393939393939394 320
1749477673664 2.0 330
1749477673665 2.0 330
