1749477240037 12.824438095092773 10
1749477253525 39.51421356201172 20
1749477267043 49.02531433105469 30
1749477280619 55.216880798339844 40
1749477294171 121.21769714355469 50
1749477307692 52.257389068603516 60
1749477321266 30.535795211791992 70
1749477334817 12.997908592224121 80
1749477348376 12.201340675354004 90
1749477361961 13.489476203918457 100
1749477375494 3.331798553466797 110
1749477388984 3.120300531387329 120
1749477402992 3.5013372898101807 130
1749477416603 5.291398048400879 140
1749477430172 4.0085530281066895 150
1749477443740 3.459555149078369 160
1749477457313 3.065324306488037 170
1749477470829 4.263146877288818 180
1749477484321 4.379159927368164 190
1749477497838 3.4411354064941406 200
1749477511426 4.480992794036865 210
1749477525001 4.350317478179932 220
1749477538479 2.6097264289855957 230
1749477551981 3.169370174407959 240
1749477565455 2.9007086753845215 250
1749477578968 5.120532989501953 260
1749477592517 3.4794633388519287 270
1749477606003 3.083404779434204 280
1749477619522 5.205952167510986 290
1749477633040 5.0036396980285645 300
1749477646573 6.096887111663818 310
1749477660109 3.424790859222412 320
1749477673664 5.5782246589660645 330
