1749477240037 4.848484848484849e-05 10
1749477253525 4.696969696969697e-05 20
1749477267043 4.545454545454546e-05 30
1749477280619 4.3939393939393944e-05 40
1749477294171 4.242424242424243e-05 50
1749477307692 4.0909090909090915e-05 60
1749477321266 3.939393939393939e-05 70
1749477334817 3.787878787878788e-05 80
1749477348376 3.6363636363636364e-05 90
1749477361961 3.484848484848485e-05 100
1749477375494 3.3333333333333335e-05 110
1749477388984 3.181818181818182e-05 120
1749477402992 3.0303030303030306e-05 130
1749477416603 2.878787878787879e-05 140
1749477430172 2.7272727272727273e-05 150
1749477443740 2.575757575757576e-05 160
1749477457313 2.4242424242424244e-05 170
1749477470829 2.272727272727273e-05 180
1749477484321 2.1212121212121215e-05 190
1749477497838 1.9696969696969697e-05 200
1749477511426 1.8181818181818182e-05 210
1749477525001 1.6666666666666667e-05 220
1749477538479 1.5151515151515153e-05 230
1749477551981 1.3636363636363637e-05 240
1749477565455 1.2121212121212122e-05 250
1749477578968 1.0606060606060607e-05 260
1749477592517 9.090909090909091e-06 270
1749477606003 7.5757575757575764e-06 280
1749477619522 6.060606060606061e-06 290
1749477633040 4.5454545454545455e-06 300
1749477646573 3.0303030303030305e-06 310
1749477660109 1.5151515151515152e-06 320
1749477673664 0.0 330
