1749477240037 13.5886 10
1749477253525 12.2154 20
1749477267043 9.7637 30
1749477280619 6.9628 40
1749477294171 6.1174 50
1749477307692 4.7266 60
1749477321266 4.205 70
1749477334817 3.6064 80
1749477348376 3.3842 90
1749477361961 3.26 100
1749477375494 2.928 110
1749477388984 3.0144 120
1749477402992 2.8037 130
1749477416603 2.7969 140
1749477430172 2.5918 150
1749477443740 2.3467 160
1749477457313 2.4051 170
1749477470829 2.2177 180
1749477484321 2.1904 190
1749477497838 2.4243 200
1749477511426 1.9802 210
1749477525001 2.2356 220
1749477538479 1.9665 230
1749477551981 1.7187 240
1749477565455 1.9486 250
1749477578968 1.8117 260
1749477592517 1.8436 270
1749477606003 1.7431 280
1749477619522 1.9185 290
1749477633040 2.0037 300
1749477646573 1.8847 310
1749477660109 2.0617 320
1749477673664 1.7099 330
