1749453025056 0.06060606060606061 10
1749453040802 0.12121212121212122 20
1749453057225 0.18181818181818182 30
1749453074705 0.24242424242424243 40
1749453090606 0.30303030303030304 50
1749453106328 0.36363636363636365 60
1749453121867 0.42424242424242425 70
1749453137929 0.48484848484848486 80
1749453153301 0.5454545454545454 90
1749453168735 0.6060606060606061 100
1749453184576 0.6666666666666666 110
1749453199111 0.7272727272727273 120
1749453213685 0.7878787878787878 130
1749453228267 0.8484848484848485 140
1749453242786 0.9090909090909091 150
1749453257912 0.9696969696969697 160
1749453272491 1.0303030303030303 170
1749453287904 1.0909090909090908 180
1749453307064 1.1515151515151516 190
1749453325143 1.2121212121212122 200
1749453342770 1.2727272727272727 210
1749453360901 1.3333333333333333 220
1749453377082 1.393939393939394 230
1749453395409 1.4545454545454546 240
1749453418396 1.5151515151515151 250
1749453418410 1.5151515151515151 250
