1749453025056 0.3175927400588989 10
1749453040802 0.3017009198665619 20
1749453057225 0.3913128972053528 30
1749453074705 0.5162075757980347 40
1749453090606 0.520982027053833 50
1749453106328 0.7384708523750305 60
1749453121867 0.9186686277389526 70
1749453137929 0.9784064292907715 80
1749453153301 0.7766911387443542 90
1749453168735 1.0900810956954956 100
1749453184576 1.0438170433044434 110
1749453199111 0.8084392547607422 120
1749453213685 0.8474701642990112 130
1749453228267 1.3798822164535522 140
1749453242786 1.100193738937378 150
1749453257912 0.8760913014411926 160
1749453272491 1.4970368146896362 170
1749453287904 1.7381891012191772 180
1749453307064 1.0098402500152588 190
1749453325143 1.33428955078125 200
1749453342770 1.2890737056732178 210
1749453360901 1.1638588905334473 220
1749453377082 1.4001843929290771 230
1749453395409 1.2345253229141235 240
1749453418396 1.2248185873031616 250
