1749453025056 4.8e-05 10
1749453040802 4.600000000000001e-05 20
1749453057225 4.4000000000000006e-05 30
1749453074705 4.2e-05 40
1749453090606 4e-05 50
1749453106328 3.8e-05 60
1749453121867 3.6e-05 70
1749453137929 3.4000000000000007e-05 80
1749453153301 3.2000000000000005e-05 90
1749453168735 3e-05 100
1749453184576 2.8000000000000003e-05 110
1749453199111 2.6000000000000002e-05 120
1749453213685 2.4e-05 130
1749453228267 2.2000000000000003e-05 140
1749453242786 2e-05 150
1749453257912 1.8e-05 160
1749453272491 1.6000000000000003e-05 170
1749453287904 1.4000000000000001e-05 180
1749453307064 1.2e-05 190
1749453325143 1e-05 200
1749453342770 8.000000000000001e-06 210
1749453360901 6e-06 220
1749453377082 4.000000000000001e-06 230
1749453395409 2.0000000000000003e-06 240
1749453418396 0.0 250
