1749453025056 0.7224 10
1749453040802 0.702 20
1749453057225 0.8171 30
1749453074705 0.7133 40
1749453090606 0.7601 50
1749453106328 0.6785 60
1749453121867 0.672 70
1749453137929 0.6584 80
1749453153301 0.6417 90
1749453168735 0.6309 100
1749453184576 0.5619 110
1749453199111 0.5989 120
1749453213685 0.5863 130
1749453228267 0.5753 140
1749453242786 0.5577 150
1749453257912 0.515 160
1749453272491 0.5342 170
1749453287904 0.4988 180
1749453307064 0.4879 190
1749453325143 0.5311 200
1749453342770 0.4663 210
1749453360901 0.4793 220
1749453377082 0.4605 230
1749453395409 0.4393 240
1749453418396 0.4579 250
