1749452221998 0.058823529411764705 10
1749452237950 0.11764705882352941 20
1749452253452 0.17647058823529413 30
1749452270031 0.23529411764705882 40
1749452286070 0.29411764705882354 50
1749452302531 0.35294117647058826 60
1749452319539 0.4117647058823529 70
1749452335865 0.47058823529411764 80
1749452353306 0.5294117647058824 90
1749452368728 0.5882352941176471 100
1749452383929 0.6470588235294118 110
1749452399309 0.7058823529411765 120
1749452414820 0.7647058823529411 130
1749452430311 0.8235294117647058 140
1749452445838 0.8823529411764706 150
1749452461792 0.9411764705882353 160
1749452477313 1.0 170
1749452492667 1.0588235294117647 180
1749452508002 1.1176470588235294 190
1749452523349 1.1764705882352942 200
1749452539311 1.2352941176470589 210
1749452554839 1.2941176470588236 220
1749452570298 1.3529411764705883 230
1749452585900 1.4117647058823528 240
1749452601244 1.4705882352941178 250
1749452601248 1.4705882352941178 250
