1749452221998 9.064213752746582 10
1749452237950 16.394363403320312 20
1749452253452 26.619342803955078 30
1749452270031 73.06114196777344 40
1749452286070 464.61395263671875 50
1749452302531 272.41925048828125 60
1749452319539 29.322065353393555 70
1749452335865 14.70068073272705 80
1749452353306 7.334287643432617 90
1749452368728 1.5009121894836426 100
1749452383929 4.085460186004639 110
1749452399309 8.239523887634277 120
1749452414820 1.9613924026489258 130
1749452430311 1.1139076948165894 140
1749452445838 0.8354015350341797 150
1749452461792 0.872813880443573 160
1749452477313 2.1360974311828613 170
1749452492667 1.6755902767181396 180
1749452508002 2.2927539348602295 190
1749452523349 0.9418821334838867 200
1749452539311 19.493663787841797 210
1749452554839 1.351049542427063 220
1749452570298 1.0921776294708252 230
1749452585900 1.2508361339569092 240
1749452601244 2.3247601985931396 250
