1749452221998 4.8e-05 10
1749452237950 4.600000000000001e-05 20
1749452253452 4.4000000000000006e-05 30
1749452270031 4.2e-05 40
1749452286070 4e-05 50
1749452302531 3.8e-05 60
1749452319539 3.6e-05 70
1749452335865 3.4000000000000007e-05 80
1749452353306 3.2000000000000005e-05 90
1749452368728 3e-05 100
1749452383929 2.8000000000000003e-05 110
1749452399309 2.6000000000000002e-05 120
1749452414820 2.4e-05 130
1749452430311 2.2000000000000003e-05 140
1749452445838 2e-05 150
1749452461792 1.8e-05 160
1749452477313 1.6000000000000003e-05 170
1749452492667 1.4000000000000001e-05 180
1749452508002 1.2e-05 190
1749452523349 1e-05 200
1749452539311 8.000000000000001e-06 210
1749452554839 6e-06 220
1749452570298 4.000000000000001e-06 230
1749452585900 2.0000000000000003e-06 240
1749452601244 0.0 250
