1749452221998 13.5043 10
1749452237950 12.4399 20
1749452253452 10.9938 30
1749452270031 8.3735 40
1749452286070 4.8801 50
1749452302531 5.8913 60
1749452319539 3.3161 70
1749452335865 2.2959 80
1749452353306 1.7842 90
1749452368728 1.5686 100
1749452383929 1.4963 110
1749452399309 1.3862 120
1749452414820 1.3812 130
1749452430311 1.4577 140
1749452445838 1.3766 150
1749452461792 1.4226 160
1749452477313 1.4931 170
1749452492667 1.3804 180
1749452508002 1.4019 190
1749452523349 1.3817 200
1749452539311 1.3124 210
1749452554839 1.259 220
1749452570298 1.3501 230
1749452585900 1.3305 240
1749452601244 1.2959 250
