1749442347383 0.06060606060606061 10
1749442472448 0.12121212121212122 20
1749442533439 0.18181818181818182 30
1749442571397 0.24242424242424243 40
1749442609159 0.30303030303030304 50
1749442649837 0.36363636363636365 60
1749442709982 0.42424242424242425 70
1749442748433 0.48484848484848486 80
1749442781945 0.5454545454545454 90
1749442823046 0.6060606060606061 100
1749442859397 0.6666666666666666 110
1749442898045 0.7272727272727273 120
1749442935087 0.7878787878787878 130
1749442970049 0.8484848484848485 140
1749443012619 0.9090909090909091 150
1749443053802 0.9696969696969697 160
1749443103175 1.0303030303030303 170
1749443133299 1.0909090909090908 180
1749443163809 1.1515151515151516 190
1749443193533 1.2121212121212122 200
1749443222597 1.2727272727272727 210
1749443253162 1.3333333333333333 220
1749443281592 1.393939393939394 230
1749443310591 1.4545454545454546 240
1749443339203 1.5151515151515151 250
1749443339208 1.5151515151515151 250
