1749442347383 0.48632559180259705 10
1749442472448 0.36849290132522583 20
1749442533439 0.6107926368713379 30
1749442571397 0.5923686623573303 40
1749442609159 0.5624284148216248 50
1749442649837 0.5317221283912659 60
1749442709982 0.630293071269989 70
1749442748433 0.7105538845062256 80
1749442781945 0.6364641785621643 90
1749442823046 1.3831002712249756 100
1749442859397 0.790602445602417 110
1749442898045 0.9168171882629395 120
1749442935087 0.8736953735351562 130
1749442970049 0.7569835782051086 140
1749443012619 1.2603647708892822 150
1749443053802 0.8620153069496155 160
1749443103175 1.091382622718811 170
1749443133299 1.0933761596679688 180
1749443163809 1.1422277688980103 190
1749443193533 1.113581895828247 200
1749443222597 1.4733974933624268 210
1749443253162 0.983924925327301 220
1749443281592 0.6557210683822632 230
1749443310591 0.9075318574905396 240
1749443339203 0.9025289416313171 250
