1749442347383 4.8e-05 10
1749442472448 4.600000000000001e-05 20
1749442533439 4.4000000000000006e-05 30
1749442571397 4.2e-05 40
1749442609159 4e-05 50
1749442649837 3.8e-05 60
1749442709982 3.6e-05 70
1749442748433 3.4000000000000007e-05 80
1749442781945 3.2000000000000005e-05 90
1749442823046 3e-05 100
1749442859397 2.8000000000000003e-05 110
1749442898045 2.6000000000000002e-05 120
1749442935087 2.4e-05 130
1749442970049 2.2000000000000003e-05 140
1749443012619 2e-05 150
1749443053802 1.8e-05 160
1749443103175 1.6000000000000003e-05 170
1749443133299 1.4000000000000001e-05 180
1749443163809 1.2e-05 190
1749443193533 1e-05 200
1749443222597 8.000000000000001e-06 210
1749443253162 6e-06 220
1749443281592 4.000000000000001e-06 230
1749443310591 2.0000000000000003e-06 240
1749443339203 0.0 250
