1749442347383 0.5807 10
1749442472448 0.5522 20
1749442533439 0.5933 30
1749442571397 0.5177 40
1749442609159 0.5302 50
1749442649837 0.4675 60
1749442709982 0.4529 70
1749442748433 0.4453 80
1749442781945 0.4198 90
1749442823046 0.4015 100
1749442859397 0.3499 110
1749442898045 0.361 120
1749442935087 0.3585 130
1749442970049 0.3517 140
1749443012619 0.3384 150
1749443053802 0.3048 160
1749443103175 0.3034 170
1749443133299 0.2997 180
1749443163809 0.2908 190
1749443193533 0.3204 200
1749443222597 0.2737 210
1749443253162 0.2947 220
1749443281592 0.2774 230
1749443310591 0.2547 240
1749443339203 0.2767 250
