1749454801114 0.058823529411764705 10
1749454822141 0.11764705882352941 20
1749454845127 0.17647058823529413 30
1749454872256 0.23529411764705882 40
1749454892257 0.29411764705882354 50
1749454911913 0.35294117647058826 60
1749454930658 0.4117647058823529 70
1749454948301 0.47058823529411764 80
1749454966071 0.5294117647058824 90
1749454983287 0.5882352941176471 100
1749455000037 0.6470588235294118 110
1749455016878 0.7058823529411765 120
1749455034230 0.7647058823529411 130
1749455050758 0.8235294117647058 140
1749455067257 0.8823529411764706 150
1749455083690 0.9411764705882353 160
1749455100238 1.0 170
1749455116657 1.0588235294117647 180
1749455133476 1.1176470588235294 190
1749455152071 1.1764705882352942 200
1749455169709 1.2352941176470589 210
1749455186949 1.2941176470588236 220
1749455203778 1.3529411764705883 230
1749455220520 1.4117647058823528 240
1749455238512 1.4705882352941178 250
1749455256459 1.5294117647058822 260
1749455274039 1.5882352941176472 270
1749455291674 1.6470588235294117 280
1749455309615 1.7058823529411766 290
1749455327150 1.7647058823529411 300
1749455344478 1.8235294117647058 310
1749455362177 1.8823529411764706 320
1749455379853 1.9411764705882353 330
1749455397710 2.0 340
1749455397712 2.0 340
