1749454801114 12.242060661315918 10
1749454822141 40.435386657714844 20
1749454845127 47.8258056640625 30
1749454872256 33.33972930908203 40
1749454892257 73.38726806640625 50
1749454911913 56.01736831665039 60
1749454930658 28.142484664916992 70
1749454948301 8.375060081481934 80
1749454966071 3.261364698410034 90
1749454983287 2.8877878189086914 100
1749455000037 4.898126602172852 110
1749455016878 3.644643545150757 120
1749455034230 2.046922206878662 130
1749455050758 2.827390432357788 140
1749455067257 3.789933443069458 150
1749455083690 2.665213108062744 160
1749455100238 2.7947027683258057 170
1749455116657 3.0107812881469727 180
1749455133476 5.330386638641357 190
1749455152071 5.318469524383545 200
1749455169709 3.645155668258667 210
1749455186949 4.018172740936279 220
1749455203778 4.333547115325928 230
1749455220520 6.375080585479736 240
1749455238512 3.157428741455078 250
1749455256459 4.451405048370361 260
1749455274039 4.707376480102539 270
1749455291674 4.480343818664551 280
1749455309615 5.458809852600098 290
1749455327150 7.410567760467529 300
1749455344478 4.025256156921387 310
1749455362177 3.377383232116699 320
1749455379853 4.880458831787109 330
1749455397710 4.178393363952637 340
