1749454801114 4.8529411764705885e-05 10
1749454822141 4.705882352941177e-05 20
1749454845127 4.558823529411765e-05 30
1749454872256 4.411764705882353e-05 40
1749454892257 4.2647058823529415e-05 50
1749454911913 4.11764705882353e-05 60
1749454930658 3.970588235294117e-05 70
1749454948301 3.8235294117647055e-05 80
1749454966071 3.6764705882352945e-05 90
1749454983287 3.529411764705883e-05 100
1749455000037 3.382352941176471e-05 110
1749455016878 3.235294117647059e-05 120
1749455034230 3.0882352941176475e-05 130
1749455050758 2.9411764705882354e-05 140
1749455067257 2.7941176470588236e-05 150
1749455083690 2.647058823529412e-05 160
1749455100238 2.5e-05 170
1749455116657 2.3529411764705884e-05 180
1749455133476 2.2058823529411766e-05 190
1749455152071 2.058823529411765e-05 200
1749455169709 1.9117647058823528e-05 210
1749455186949 1.7647058823529414e-05 220
1749455203778 1.6176470588235296e-05 230
1749455220520 1.4705882352941177e-05 240
1749455238512 1.323529411764706e-05 250
1749455256459 1.1764705882352942e-05 260
1749455274039 1.0294117647058824e-05 270
1749455291674 8.823529411764707e-06 280
1749455309615 7.3529411764705884e-06 290
1749455327150 5.882352941176471e-06 300
1749455344478 4.411764705882353e-06 310
1749455362177 2.9411764705882355e-06 320
1749455379853 1.4705882352941177e-06 330
1749455397710 0.0 340
