1749454801114 13.6528 10
1749454822141 12.313 20
1749454845127 9.6867 30
1749454872256 7.1412 40
1749454892257 5.9049 50
1749454911913 4.8469 60
1749454930658 4.1849 70
1749454948301 3.6464 80
1749454966071 3.3048 90
1749454983287 3.1946 100
1749455000037 2.8952 110
1749455016878 2.5188 120
1749455034230 2.5536 130
1749455050758 2.6091 140
1749455067257 2.2605 150
1749455083690 2.3361 160
1749455100238 2.4962 170
1749455116657 2.2307 180
1749455133476 2.3538 190
1749455152071 2.1113 200
1749455169709 2.0024 210
1749455186949 1.9746 220
1749455203778 2.1812 230
1749455220520 2.0197 240
1749455238512 1.9545 250
1749455256459 1.9702 260
1749455274039 2.0477 270
1749455291674 1.9515 280
1749455309615 1.8473 290
1749455327150 1.9011 300
1749455344478 1.9953 310
1749455362177 1.7862 320
1749455379853 1.8399 330
1749455397710 1.8882 340
