1749456013079 0.06060606060606061 10
1749456030718 0.12121212121212122 20
1749456050363 0.18181818181818182 30
1749456067768 0.24242424242424243 40
1749456085814 0.30303030303030304 50
1749456101702 0.36363636363636365 60
1749456116134 0.42424242424242425 70
1749456130507 0.48484848484848486 80
1749456145409 0.5454545454545454 90
1749456160963 0.6060606060606061 100
1749456176548 0.6666666666666666 110
1749456191520 0.7272727272727273 120
1749456206619 0.7878787878787878 130
1749456221466 0.8484848484848485 140
1749456236113 0.9090909090909091 150
1749456251316 0.9696969696969697 160
1749456267440 1.0303030303030303 170
1749456282778 1.0909090909090908 180
1749456298339 1.1515151515151516 190
1749456314875 1.2121212121212122 200
1749456331901 1.2727272727272727 210
1749456346939 1.3333333333333333 220
1749456361923 1.393939393939394 230
1749456377185 1.4545454545454546 240
1749456392648 1.5151515151515151 250
1749456407327 1.5757575757575757 260
1749456422164 1.6363636363636362 270
1749456438762 1.696969696969697 280
1749456453295 1.7575757575757576 290
1749456468213 1.8181818181818183 300
1749456482751 1.878787878787879 310
1749456497306 1.9393939393939394 320
1749456512316 2.0 330
1749456512320 2.0 330
