1749456013079 12.824438095092773 10
1749456030718 39.51421356201172 20
1749456050363 49.02531433105469 30
1749456067768 55.216880798339844 40
1749456085814 121.21769714355469 50
1749456101702 52.257389068603516 60
1749456116134 30.535795211791992 70
1749456130507 12.997908592224121 80
1749456145409 12.201340675354004 90
1749456160963 13.489476203918457 100
1749456176548 3.331798553466797 110
1749456191520 3.120300531387329 120
1749456206619 3.5013372898101807 130
1749456221466 5.291398048400879 140
1749456236113 4.0085530281066895 150
1749456251316 3.459555149078369 160
1749456267440 3.065324306488037 170
1749456282778 4.263146877288818 180
1749456298339 4.379159927368164 190
1749456314875 3.4411354064941406 200
1749456331901 4.480992794036865 210
1749456346939 4.350317478179932 220
1749456361923 2.6097264289855957 230
1749456377185 3.169370174407959 240
1749456392648 2.9007086753845215 250
1749456407327 5.120532989501953 260
1749456422164 3.4794633388519287 270
1749456438762 3.083404779434204 280
1749456453295 5.205952167510986 290
1749456468213 5.0036396980285645 300
1749456482751 6.096887111663818 310
1749456497306 3.424790859222412 320
1749456512316 5.5782246589660645 330
