1749456013079 4.848484848484849e-05 10
1749456030718 4.696969696969697e-05 20
1749456050363 4.545454545454546e-05 30
1749456067768 4.3939393939393944e-05 40
1749456085814 4.242424242424243e-05 50
1749456101702 4.0909090909090915e-05 60
1749456116134 3.939393939393939e-05 70
1749456130507 3.787878787878788e-05 80
1749456145409 3.6363636363636364e-05 90
1749456160963 3.484848484848485e-05 100
1749456176548 3.3333333333333335e-05 110
1749456191520 3.181818181818182e-05 120
1749456206619 3.0303030303030306e-05 130
1749456221466 2.878787878787879e-05 140
1749456236113 2.7272727272727273e-05 150
1749456251316 2.575757575757576e-05 160
1749456267440 2.4242424242424244e-05 170
1749456282778 2.272727272727273e-05 180
1749456298339 2.1212121212121215e-05 190
1749456314875 1.9696969696969697e-05 200
1749456331901 1.8181818181818182e-05 210
1749456346939 1.6666666666666667e-05 220
1749456361923 1.5151515151515153e-05 230
1749456377185 1.3636363636363637e-05 240
1749456392648 1.2121212121212122e-05 250
1749456407327 1.0606060606060607e-05 260
1749456422164 9.090909090909091e-06 270
1749456438762 7.5757575757575764e-06 280
1749456453295 6.060606060606061e-06 290
1749456468213 4.5454545454545455e-06 300
1749456482751 3.0303030303030305e-06 310
1749456497306 1.5151515151515152e-06 320
1749456512316 0.0 330
