1749456013079 13.5886 10
1749456030718 12.2154 20
1749456050363 9.7637 30
1749456067768 6.9628 40
1749456085814 6.1174 50
1749456101702 4.7266 60
1749456116134 4.205 70
1749456130507 3.6064 80
1749456145409 3.3842 90
1749456160963 3.26 100
1749456176548 2.928 110
1749456191520 3.0144 120
1749456206619 2.8037 130
1749456221466 2.7969 140
1749456236113 2.5918 150
1749456251316 2.3467 160
1749456267440 2.4051 170
1749456282778 2.2177 180
1749456298339 2.1904 190
1749456314875 2.4243 200
1749456331901 1.9802 210
1749456346939 2.2356 220
1749456361923 1.9665 230
1749456377185 1.7187 240
1749456392648 1.9486 250
1749456407327 1.8117 260
1749456422164 1.8436 270
1749456438762 1.7431 280
1749456453295 1.9185 290
1749456468213 2.0037 300
1749456482751 1.8847 310
1749456497306 2.0617 320
1749456512316 1.7099 330
