1749440518001 0.06060606060606061 10
1749440616003 0.12121212121212122 20
1749440669683 0.18181818181818182 30
1749440742912 0.24242424242424243 40
1749440807496 0.30303030303030304 50
1749440862347 0.36363636363636365 60
1749440963867 0.42424242424242425 70
1749441040373 0.48484848484848486 80
1749441106523 0.5454545454545454 90
1749441155763 0.6060606060606061 100
1749441200708 0.6666666666666666 110
1749441249049 0.7272727272727273 120
1749441315629 0.7878787878787878 130
1749441371902 0.8484848484848485 140
1749441413763 0.9090909090909091 150
1749441500893 0.9696969696969697 160
1749441576724 1.0303030303030303 170
1749441673137 1.0909090909090908 180
1749441804646 1.1515151515151516 190
1749441883922 1.2121212121212122 200
1749441957176 1.2727272727272727 210
1749442058291 1.3333333333333333 220
1749442102772 1.393939393939394 230
1749442149753 1.4545454545454546 240
1749442192230 1.5151515151515151 250
1749442192207 1.5151515151515151 250
