1749440518001 0.35302430391311646 10
1749440616003 0.4337226152420044 20
1749440669683 0.5975550413131714 30
1749440742912 0.49927568435668945 40
1749440807496 0.5273846983909607 50
1749440862347 0.5819897055625916 60
1749440963867 0.617038369178772 70
1749441040373 0.7109386920928955 80
1749441106523 0.6093493700027466 90
1749441155763 0.8765536546707153 100
1749441200708 0.9360549449920654 110
1749441249049 0.6181449294090271 120
1749441315629 0.8230621814727783 130
1749441371902 0.9151806235313416 140
1749441413763 0.8136873245239258 150
1749441500893 1.1898930072784424 160
1749441576724 0.8639622330665588 170
1749441673137 1.3792920112609863 180
1749441804646 0.8170306086540222 190
1749441883922 0.8397884368896484 200
1749441957176 0.7636281251907349 210
1749442058291 1.0935920476913452 220
1749442102772 0.7647879719734192 230
1749442149753 0.7255178689956665 240
1749442192207 1.111045479774475 250
