1749440518001 4.8e-05 10
1749440616003 4.600000000000001e-05 20
1749440669683 4.4000000000000006e-05 30
1749440742912 4.2e-05 40
1749440807496 4e-05 50
1749440862347 3.8e-05 60
1749440963867 3.6e-05 70
1749441040373 3.4000000000000007e-05 80
1749441106523 3.2000000000000005e-05 90
1749441155763 3e-05 100
1749441200708 2.8000000000000003e-05 110
1749441249049 2.6000000000000002e-05 120
1749441315629 2.4e-05 130
1749441371902 2.2000000000000003e-05 140
1749441413763 2e-05 150
1749441500893 1.8e-05 160
1749441576724 1.6000000000000003e-05 170
1749441673137 1.4000000000000001e-05 180
1749441804646 1.2e-05 190
1749441883922 1e-05 200
1749441957176 8.000000000000001e-06 210
1749442058291 6e-06 220
1749442102772 4.000000000000001e-06 230
1749442149753 2.0000000000000003e-06 240
1749442192207 0.0 250
