1749440518001 0.8264 10
1749440616003 0.7968 20
1749440669683 0.8051 30
1749440742912 0.8015 40
1749440807496 0.7559 50
1749440862347 0.7107 60
1749440963867 0.6901 70
1749441040373 0.6274 80
1749441106523 0.6024 90
1749441155763 0.5772 100
1749441200708 0.5179 110
1749441249049 0.4902 120
1749441315629 0.4712 130
1749441371902 0.4538 140
1749441413763 0.4392 150
1749441500893 0.4548 160
1749441576724 0.4053 170
1749441673137 0.4238 180
1749441804646 0.3794 190
1749441883922 0.4073 200
1749441957176 0.4105 210
1749442058291 0.3888 220
1749442102772 0.4026 230
1749442149753 0.369 240
1749442192207 0.3853 250
